9 0.215084 0.0132539 0.000730633 0.000218189 7.72066e-08 2.39916e-05 -4.03529e-08
8 0.196 0.0096086 0.000360242 2.91756e-05 -3.71621e-11 2.95873e-07 2.99084e-09
7 0.23042 0.00482029 0.00175233 0.000116818 -5.24335e-08 -8.05834e-06 -6.64963e-09
6 0.20825 0.00696436 0.00162287 0.000353807 1.72149e-07 1.79233e-05 -2.05525e-07
5 0.266972 0.0235649 0.00243803 0.00039952 3.90154e-07 6.06003e-05 -5.70287e-08
3 0.261797 0.0199585 0.0017364 0.000319762 -2.23149e-07 -4.35552e-05 8.35242e-08
2 0.276042 0.0231113 0.000145167 1.74237e-05 -8.48381e-10 -1.04901e-06 2.1937e-10
1 0.222103 0.0087141 0.00363385 0.000397519 4.42108e-07 3.43134e-05 -1.81123e-07
4 0.289255 0.036529 0.00103205 7.0484e-05 -1.63886e-08 -1.34673e-05 -9.6333e-09
0 0.164529 0.00148088 6.0682e-05 7.22199e-07 4.77016e-12 2.73736e-08 -3.21091e-13
1 0.391109 0.0532097 0.0219919 0.00345928 3.00082e-05 0.000431658 -3.14468e-06
2 0.425465 0.0576558 0.0277227 0.00312744 2.30255e-05 0.000662397 -1.7828e-05
6 0.281165 0.0202447 0.0052224 0.00295355 1.05704e-05 0.000323211 -4.77716e-06
4 0.279346 0.0256027 0.00316472 0.000366539 3.83042e-07 4.55878e-05 -9.55235e-08
3 0.44593 0.13225 0.00415652 0.000726743 -9.72772e-07 -0.000227252 -8.05682e-07
2 0.484258 0.160031 0.00771291 0.00240195 1.02224e-05 0.000953277 -1.54493e-06
5 0.38737 0.0578192 0.0171441 0.00171373 2.56e-06 0.000152884 8.92935e-06
7 0.324977 0.0544354 0.00341464 0.000466649 1.34412e-07 2.21794e-05 -5.73519e-07
9 0.247766 0.0171992 0.00273883 0.00108944 1.70728e-06 0.000120076 -7.91554e-07
3 0.357747 0.0590522 0.00345481 0.000694706 -6.7053e-07 -0.000151881 -8.41847e-07
8 0.215234 0.0178268 0.000348019 4.78221e-05 3.18152e-09 2.45964e-06 5.28581e-09
2 0.363257 0.0652751 0.00459162 0.00027055 1.05337e-07 2.57248e-05 2.8255e-07
1 0.295807 0.0465495 0.00571875 0.000338285 -3.63921e-07 -5.784e-05 -2.98241e-07
0 0.161149 0.000555821 8.25988e-06 2.8877e-08 8.41031e-15 4.44676e-10 -1.1321e-14
1 0.335423 0.0629474 0.00939066 0.00298073 1.57695e-05 0.000643893 -1.19645e-07
6 0.303089 0.0237264 0.00202789 0.000508706 3.88222e-07 5.84126e-06 -3.40943e-07
7 0.314863 0.0297826 0.00611027 0.000537441 -5.77147e-07 -6.06788e-05 -7.84497e-07
5 0.378856 0.0636097 0.00081951 0.000121496 -3.18586e-08 -3.06363e-05 -2.13253e-08
